EMG
5
0.0714
-0.0218
-0.1279
0.1980
0.3252
0.1171
0.0155
-0.0642
-0.0822
0.0092
-0.1301
-0.3001
-0.1530
-0.0279
-0.1249
-0.0876
0.0411
-0.2421
-0.3300
-0.0487
0.0701
0.1059
0.0797
-0.0137
0.0445
0.2358
-0.0133
-0.2165
-0.0232
-0.0895
-0.1579
0.0835
0.2573
0.0569
-0.0259
0.0418
0.0910
0.1978
0.1243
-0.0206
0.1481
0.3206
0.0819
-0.0229
0.0824
-0.2168
-0.3813
-0.0841
0.0614
-0.0102
-0.0679
-0.1170
-0.0404
0.1389
-0.0499
-0.2213
-0.0479
-0.0088
-0.1039
0.1032
0.1767
-0.1260
-0.2971
-0.2015
-0.1111
0.0093
-0.0128
-0.0770
0.0430
0.3391
0.1507
0.0769
0.2189
-0.0147
-0.1164
0.1870
0.3314
0.1069
-0.0025
-0.0739
-0.0406
0.0774
-0.0740
-0.2242
0.0020
0.1576
0.0012
0.1656
0.2760
-0.0856
-0.2344
-0.0821
-0.0361
-0.0473
-0.1216
-0.2551
-0.1464
0.0283
-0.1629
-0.2677
-0.0458
-0.1442
-0.2088
0.1498
0.3040
0.1392
0.0408
0.0760
0.0252
0.1352
0.0058
-0.2160
0.0355
0.1889
0.0253
0.0726
0.2530
-0.0903
-0.1782
0.1363
0.2137
0.2062
0.1876
0.0386
0.0610
0.2220
-0.0641
-0.2634
-0.1459
-0.1496
-0.3259
-0.0207
0.1649
-0.1428
-0.2244
-0.1179
-0.1134
0.0513
0.0085
-0.1430
0.0164
0.1940
0.0076
-0.0390
0.0590
-0.2247
-0.3910
-0.0441
0.1362
0.0645
0.1142
0.0399
0.0929
0.3252
0.1234
-0.0344
0.1827
0.1815
0.0568
0.2469
0.3484
-0.0104
-0.2533
-0.1634
-0.1178
-0.0395
-0.0444
-0.1714
0.0238
0.2595
0.0286
-0.0353
0.0622
-0.1016
-0.3019
-0.0126
0.1196
-0.0458
-0.1626
-0.2136
-0.1934
-0.0384
-0.1757
-0.3493
-0.0400
0.1687
0.0511
0.2245
0.4043
0.0606
-0.1436
0.0656
0.1363
0.1173
0.0991
-0.0629
0.0632
0.2579
-0.0266
-0.1615
0.0589
-0.0350
-0.1342
0.3053
0.4193
0.1768
0.0320
-0.0186
-0.0644
0.0401
-0.1492
-0.3778
-0.1739
0.0021
-0.1413
-0.1385
0.0621
-0.2920
-0.3975
-0.0401
0.1145
0.0981
0.0971
0.0040
0.0541
0.2457
-0.0150
-0.2501
-0.0053
-0.0663
-0.2372
0.1526
0.3310
0.0813
-0.0652
0.0443
0.1232
0.2643
0.1625
-0.0142
0.1811
0.3496
0.1261
0.0230
0.0667
-0.2347
-0.4025
-0.0959
0.0190
-0.0446
-0.0365
-0.1481
-0.0479
0.1598
-0.0673
-0.2640
-0.0959
-0.0022
-0.1500
0.0669
0.2477
-0.2048
-0.3759
-0.2248
-0.1139
-0.0546
0.0087
-0.1303
0.0953
0.3980
0.1835
0.0879
0.2628
0.0225
-0.1326
0.2297
0.3950
0.1164
0.0592
-0.1158
-0.0739
0.0969
-0.0706
-0.2943
-0.0041
0.1562
0.0065
0.2238
0.3480
-0.0814
-0.2705
-0.0987
-0.0272
-0.0386
-0.1285
-0.3071
-0.1524
0.0654
-0.1918
-0.3282
-0.0746
-0.1888
-0.2454
0.1772
0.4057
0.1893
0.0639
0.0483
0.0609
0.1550
0.0215
-0.2367
0.0217
0.2053
0.0133
0.1205
0.2525
-0.0325
-0.2471
0.0862
0.3021
0.2757
0.2342
0.0707
0.1096
0.2454
-0.0496
-0.3392
-0.1327
-0.2183
-0.3866
-0.0234
0.1855
-0.1522
-0.2893
-0.1668
-0.0919
0.0466
-0.0054
-0.1843
0.0200
0.2343
-0.0177
-0.0578
0.0704
-0.2462
-0.4319
-0.0611
0.1546
0.0736
0.0911
0.0304
0.1452
0.3544
0.1802
-0.0289
0.1874
0.2432
0.0584
0.2753
0.3987
-0.0571
-0.2929
-0.1915
-0.1182
-0.0175
-0.0218
-0.1923
0.0648
0.2727
0.0511
-0.0726
0.1238
-0.2010
-0.3894
-0.0066
0.1246
-0.0762
-0.2025
-0.2668
-0.2333
-0.0062
-0.1689
-0.3890
-0.0547
0.1892
0.0290
0.3317
0.4976
0.0532
-0.1832
0.1010
0.1574
0.1904
0.0767
-0.0995
0.0492
0.2807
-0.0079
-0.1560
0.0361
-0.0563
-0.1682
0.2796
0.4955
0.1593
-0.0154
-0.0118
-0.0619
0.0145
-0.1267
-0.4375
-0.1700
0.0019
-0.1799
-0.0840
0.0520
-0.2865
-0.4441
-0.0455
0.1140
0.1545
0.1524
-0.0465
0.0572
0.2432
-0.0241
-0.2646
-0.0266
-0.0914
-0.1987
0.1474
0.3706
0.0744
-0.0503
0.0540
0.0915
0.2884
0.1930
0.0045
0.2311
0.4070
0.0963
-0.0037
0.1066
-0.2779
-0.5418
-0.1267
0.0473
-0.0568
-0.0746
-0.1778
-0.0776
0.1452
-0.0178
-0.3073
-0.0504
0.0257
-0.1721
0.1032
0.2641
-0.1912
-0.4406
-0.2779
-0.1726
-0.0764
-0.0474
-0.1254
0.1674
0.4498
0.2215
0.1230
0.3673
0.0577
-0.1603
0.2339
0.3925
0.1690
0.0042
-0.1182
-0.0958
0.0779
-0.0552
-0.3115
-0.0001
0.2236
0.0229
0.2242
0.4284
-0.0681
-0.3574
-0.1261
-0.0682
-0.0873
-0.1120
-0.3069
-0.2232
0.0733
-0.2362
-0.3951
