EMG
5
0.1879
0.2380
0.2537
0.0402
-0.0818
0.0190
-0.0691
-0.1347
0.1353
0.1480
-0.1570
-0.0422
0.1136
0.0606
-0.0480
-0.1023
-0.1211
0.0702
0.1556
-0.0161
0.0079
-0.0454
-0.2800
-0.3249
-0.0467
-0.0748
-0.2541
-0.1212
0.0436
0.0606
0.1237
-0.0472
-0.0921
0.0763
0.0080
0.0035
0.2346
0.2069
-0.0831
-0.0834
0.1116
0.0065
-0.0747
-0.0664
-0.0251
0.1328
0.2490
0.1173
0.1097
0.1366
-0.0500
-0.0427
0.1904
0.1050
-0.1094
-0.0834
-0.0234
-0.0599
-0.1254
-0.2273
-0.2937
-0.0781
-0.0218
-0.0622
0.1423
0.1083
-0.1202
-0.0913
0.0796
0.0308
-0.1344
-0.1105
-0.0488
0.0901
0.1220
-0.0361
-0.1064
-0.0144
-0.0738
-0.0829
0.2513
0.2561
0.0523
0.1323
0.2799
0.1565
0.0637
-0.0738
-0.1534
0.0073
0.0808
-0.0569
0.0641
0.0890
-0.1952
-0.1477
0.0686
0.0045
-0.1501
0.0029
0.0620
0.0976
0.1203
-0.1101
-0.1651
-0.1295
-0.2035
-0.2141
0.0481
0.0612
-0.1977
-0.0793
0.1533
0.0873
0.0323
-0.0216
-0.0331
0.1623
0.2644
0.1489
0.0968
0.1612
-0.1379
-0.1654
0.0891
0.0268
-0.0968
-0.0007
0.0942
0.1247
0.1585
0.0438
-0.0964
0.0072
0.0195
-0.0414
0.0951
0.1169
-0.2076
-0.1833
0.0121
-0.1110
-0.2514
-0.2415
-0.1244
0.0070
0.1353
0.0139
0.0103
0.0657
-0.1251
-0.1313
0.1616
0.1125
-0.1154
-0.0181
0.0888
0.0852
-0.0301
-0.0751
-0.1359
-0.0107
0.1117
0.0816
0.2428
0.2754
-0.0219
0.0403
0.2257
0.1114
-0.0708
-0.0904
-0.0601
0.0442
0.0614
-0.0830
-0.1796
-0.1003
-0.1891
-0.1833
0.1087
0.1477
-0.1261
-0.0085
0.1294
0.0250
-0.0504
-0.1930
-0.2243
-0.0821
-0.0016
-0.0533
0.0206
0.0451
-0.2028
-0.1190
0.1361
0.1604
-0.0451
0.1326
0.1903
0.2418
0.2528
0.0675
-0.0724
0.0261
-0.0784
-0.1145
0.1287
0.1345
-0.1199
-0.0883
0.1024
0.0651
-0.0299
-0.0712
-0.0899
0.0776
0.1427
-0.0135
-0.0011
-0.0320
-0.2761
-0.3408
-0.0138
-0.0678
-0.2365
-0.0962
0.0572
0.0939
0.0723
-0.0507
-0.1172
0.0489
0.0689
0.0053
0.2313
0.2001
-0.1046
-0.1008
0.0936
-0.0173
-0.1195
-0.0519
-0.0515
0.1965
0.2738
0.1321
0.0867
0.1619
-0.0684
-0.0835
0.2276
0.1118
-0.1131
-0.0908
0.0170
-0.0052
-0.1023
-0.1884
-0.2858
-0.1251
-0.0163
-0.0395
0.1407
0.1242
-0.1420
-0.1138
0.1099
0.0205
-0.1404
-0.1309
-0.0550
0.0578
0.1319
-0.0202
-0.0825
0.0118
-0.0936
-0.1003
0.2635
0.2751
0.0490
0.1025
0.2427
0.1911
0.0697
-0.0417
-0.1468
0.0003
0.0858
-0.0496
0.0496
0.0538
-0.2162
-0.1951
0.0902
0.0204
-0.0917
-0.0455
0.0461
0.0919
0.1459
-0.0854
-0.1976
-0.1645
-0.2044
-0.2154
0.0409
0.0792
-0.1959
-0.0623
0.1640
0.0543
-0.0084
0.0175
0.0180
0.1577
0.2601
0.1239
0.1064
0.1148
-0.1575
-0.1753
0.1108
0.0658
-0.0845
-0.0221
0.1420
0.1493
0.1675
0.0241
-0.1155
0.0456
0.0283
-0.0268
0.1578
0.1694
-0.2198
-0.2118
-0.0379
-0.1473
-0.2636
-0.1999
-0.1509
-0.0055
0.1211
0.0241
-0.0045
0.0826
-0.1118
-0.1531
0.1964
0.1617
-0.1154
-0.0284
0.1015
0.0629
0.0365
-0.0587
-0.1676
0.0154
0.0933
0.0761
0.2756
0.3326
-0.0100
0.0098
0.2107
0.1114
-0.0363
-0.0798
-0.0603
0.0559
0.1012
-0.0623
-0.1665
-0.1019
-0.1955
-0.1738
0.1346
0.1371
-0.0852
0.0021
0.1475
0.0448
-0.0614
-0.1684
-0.2235
-0.0963
0.0164
-0.0837
0.0360
0.1002
-0.1713
-0.1328
0.1377
0.1427
0.0094
0.1439
0.1836
0.2529
0.2738
0.0922
-0.0749
0.0097
-0.0701
-0.1160
0.1297
0.1422
-0.1071
-0.0757
0.1346
0.0372
-0.0101
-0.0993
-0.1032
0.0796
0.1878
0.0008
-0.0162
0.0249
-0.3188
-0.3567
-0.0263
-0.0888
-0.2668
-0.1039
0.0293
0.0638
0.0857
-0.0081
-0.0937
0.0474
0.0967
-0.0012
0.2015
0.2055
-0.0951
-0.0693
0.1095
0.0170
-0.1270
-0.0455
-0.0348
0.1690
0.2759
0.1401
0.1173
0.1597
-0.0451
-0.0610
0.1838
0.1302
-0.1406
-0.0494
0.0045
-0.0054
-0.0923
-0.2577
-0.3032
-0.1297
-0.0127
-0.0732
0.1218
0.1208
-0.1389
-0.1594
0.0819
0.0234
-0.1311
-0.0977
-0.0832
0.0455
0.1230
-0.0658
-0.0710
0.0202
-0.0984
-0.0679
0.2640
0.2354
0.0394
0.1169
0.2495
0.1677
0.1078
-0.0436
-0.1617
0.0112
0.0963
-0.0215
0.0498
0.0514
-0.1976
-0.1847
0.1054
0.0433
-0.0981
-0.0388