EMG
5
-0.1128
-0.1337
0.1011
0.1295
0.0893
0.1339
0.1467
0.2812
0.3580
0.0745
-0.1043
0.0341
-0.0371
-0.1241
0.1124
0.1002
-0.1194
-0.1329
0.0170
0.0198
0.0021
-0.0806
-0.2046
0.0833
0.2423
0.0025
-0.0227
-0.0233
-0.2529
-0.3288
-0.0842
-0.0575
-0.1597
-0.1481
-0.0283
0.1204
0.1822
-0.0514
-0.1608
0.1159
0.1503
0.0515
0.2600
0.2957
-0.0196
-0.0741
0.0655
-0.0508
-0.0038
-0.1330
-0.1329
0.1581
0.3204
0.1051
0.0138
0.1499
-0.0483
-0.0951
0.1560
0.1062
-0.0565
-0.0997
-0.1190
-0.0739
-0.0214
-0.3043
-0.4519
-0.1189
0.0161
-0.0403
0.1122
0.1854
-0.0800
-0.1078
0.0740
0.0382
-0.0295
-0.0761
-0.0978
0.1213
0.2561
-0.0811
-0.1852
-0.0275
-0.0464
-0.0658
0.2878
0.2696
0.1698
0.1534
0.2382
0.1779
0.1820
-0.1150
-0.2671
0.0787
0.1417
-0.0815
-0.0109
0.0356
-0.2608
-0.2698
0.0433
0.0046
-0.0561
-0.0151
-0.0078
0.1749
0.2438
-0.1660
-0.2973
-0.1449
-0.1696
-0.2708
0.0335
0.0936
-0.1509
-0.1013
0.0793
0.0830
0.1026
0.0082
-0.0436
0.2680
0.4656
0.1806
0.1231
0.2074
-0.1290
-0.1935
0.0755
0.0689
-0.0874
-0.0530
0.0490
0.1460
0.2309
-0.1183
-0.2482
0.0341
0.1234
-0.0273
0.1419
0.1944
-0.1976
-0.2771
-0.1921
-0.1488
-0.2573
-0.3369
-0.3025
0.0973
0.2892
-0.0084
-0.0479
0.1255
-0.0650
-0.1087
0.2191
0.2207
-0.0042
0.0169
0.0150
0.0933
0.1079
-0.1941
-0.3040
0.1061
0.2482
0.0698
0.2830
0.3871
0.0072
-0.0167
0.1912
0.0874
-0.0040
-0.1202
-0.1808
0.0732
0.1441
-0.2122
-0.3694
-0.1498
-0.2618
-0.2602
0.0993
0.1548
-0.0599
-0.0106
0.0617
0.0599
0.0342
-0.2414
-0.4114
0.0215
0.1151
-0.1053
-0.0061
0.1207
-0.2037
-0.1595
0.1394
0.1920
0.1114
0.2108
0.1585
0.3974
0.4916
0.0505
-0.1890
0.0313
-0.0496
-0.1716
0.1527
0.2050
-0.1633
-0.1599
0.0102
0.0608
-0.0004
-0.1162
-0.2057
0.1384
0.3270
0.0081
-0.0823
-0.0228
-0.3754
-0.4548
-0.1199
-0.1240
-0.2279
-0.1696
-0.0718
0.0915
0.2638
-0.0616
-0.2651
0.1535
0.2372
0.0615
0.3767
0.3671
-0.0542
-0.0889
0.0770
0.0097
-0.0244
-0.1475
-0.1618
0.2088
0.4525
0.0893
0.0157
0.2122
-0.0403
-0.1250
0.1806
0.1664
-0.0758
-0.1147
-0.0686
-0.0776
-0.0634
-0.4261
-0.5786
-0.1492
0.0435
-0.0877
0.1206
0.2039
-0.1679
-0.1365
0.0811
0.0118
-0.0288
-0.0482
-0.1462
0.1731
0.3155
-0.1053
-0.2243
0.0104
-0.0787
-0.0880
0.3341
0.4446
0.1624
0.1873
0.2906
0.2393
0.2204
-0.1217
-0.3077
0.0618
0.1876
-0.0946
-0.0087
0.0443
-0.3404
-0.3839
-0.0274
0.0013
-0.0897
-0.0503
-0.0374
0.2053
0.2960
-0.1745
-0.4233
-0.1964
-0.2447
-0.3316
0.0206
0.1238
-0.1714
-0.1166
0.0560
0.1247
0.1409
-0.0209
-0.0987
0.3689
0.5735
0.2168
0.1684
0.2303
-0.1525
-0.2269
0.1200
0.0580
-0.1347
-0.0123
-0.0055
0.2036
0.2967
-0.1320
-0.2896
0.0924
0.1039
-0.1124
0.1874
0.1981
-0.3062
-0.3408
-0.1811
-0.2360
-0.2896
-0.4061
-0.3867
0.0585
0.3317
-0.0436
-0.0848
0.1199
-0.1053
-0.1108
0.2478
0.2491
0.0432
0.0244
0.0485
0.1415
0.1495
-0.1812
-0.3758
0.0892
0.3339
0.1159
0.3976
0.4715
0.0600
0.0158
0.2282
0.1198
0.0014
-0.1315
-0.1727
0.0869
0.2145
-0.2749
-0.4919
-0.2221
-0.3114
-0.3751
0.1009
0.2163
-0.0548
-0.0126
0.0963
0.0591
0.0322
-0.2566
-0.4879
-0.0219
0.2022
-0.1037
0.0194
0.1723
-0.2609
-0.2127
0.1927
0.2389
0.1910
0.2204
0.2389
0.5112
0.5921
0.0360
-0.2527
0.0030
-0.0220
-0.2329
0.1623
0.1954
-0.1839
-0.1491
0.0322
-0.0002
0.0162
-0.1802
-0.3034
0.2185
0.4032
-0.0158
-0.0799
0.0002
-0.4494
-0.5669
-0.1250
-0.1369
-0.2950
-0.1801
-0.0704
0.1528
0.3259
-0.0633
-0.2750
0.2334
0.2754
0.0711
0.4412
0.4527
-0.0239
-0.0954
0.0789
-0.0144
-0.0478
-0.1770
-0.2162
0.3054
0.5965
0.1409
0.0137
0.2409
-0.0529
-0.1818
0.2476
0.2138
-0.1393
-0.1323
-0.1445
-0.0971
-0.1008
-0.5272
-0.7031
-0.1878
0.0708
-0.1398
0.1726
0.3030
-0.1901
-0.2160
0.0966
0.0928
-0.0560
-0.0696
-0.1912
0.1961
0.4171
-0.0870
-0.2573
0.0441
-0.0828
-0.1042
0.4427
0.5109
0.1875
0.2486
0.3402
0.3069
0.2837
-0.1300
-0.4024
0.0937
0.2078
-0.1399
-0.0591
0.0033